0 50.24109503810856 34.182856347051036
1 58.904961891429465 40.10862753290161
2 64.98677865920051 46.02047211196992
3 69.04650801057709 50.79729823828425
4 71.61300357753927 54.536592159320385
5 73.3395551407684 57.217463964904944
6 74.36615336755328 59.30645498224359
7 74.80167988800747 60.706078963860456
8 75.01944314823457 61.87591393357008
9 75.22165188987401 62.662767216767634
10 75.3460880385752 63.37998746605389
11 75.23720640846166 63.93008843395307
12 75.39275159433816 64.41751967133207
13 75.54829678021466 64.89798760531997
14 75.56385129880229 65.20437295452963
15 75.6882874475035 65.50379500034816
16 75.57940581738995 65.8032170461667
17 75.56385129880229 65.97729963094491
18 75.51718774303934 66.13049230554975
19 75.532742261627 66.25583176659006
20 75.56385129880229 66.33939140728361
21 75.51718774303934 66.4299143513683
22 75.39275159433816 66.56221711579974
23 75.3771970757505 66.56918041919087
24 75.29942448281226 66.57614372258199
25 75.2838699642246 66.55525381240861
26 75.4705241872764 66.53436390223521
27 75.4705241872764 66.45080426154168
28 75.3771970757505 66.37420792423926
29 75.3460880385752 66.29064828354572
30 75.25276092704931 66.17923542928766
31 75.17498833411106 66.10960239537637
32 75.08166122258515 65.93551981059815
33 75.0349976668222 65.74751061903767
34 75.01944314823457 65.51772160713043
35 75.01944314823457 65.21829956131188
36 74.97277959247161 65.05118027992481
37 74.92611603670866 64.737831627324
38 74.84834344377042 64.52893252559014
39 74.75501633224452 64.38966645776756
40 74.59947114636802 64.11113432212241
41 74.58391662778037 63.80474897291275
42 74.44392596049153 63.49836362370309
43 74.30393529320267 63.25464800501358
44 74.08617203297558 62.88559292528375
45 73.83729973557318 62.634914003203114
46 73.72841810545964 62.439941508251515
47 73.60398195675843 62.01518000139266
48 73.401773215119 61.59041849453381
49 73.3395551407684 61.20743680802172
50 73.10623736195365 60.824455121509644
