0 65.04899673355109 73.1425388204164
1 68.25322756260694 74.82765824106956
2 69.55980712396952 75.87911705313
3 70.60195986934204 76.37351159390015
4 71.09970446414684 76.86790613467029
5 71.67522165188987 76.88183274145256
6 71.97075750505522 76.63115381937192
7 72.51516565562297 76.69382354989207
8 72.5307201742106 76.5545574820695
9 72.67071084149946 76.47796114476708
10 72.7484834344377 76.32476847016224
11 72.9351376574895 76.17853909894853
12 73.04401928760305 76.07408954808162
13 73.21511899206719 75.96267669382355
14 73.3084461035931 75.75377759208969
15 73.29289158500545 75.58665831070259
16 73.26178254783015 75.41257572592438
17 73.5262093638202 75.33597938862196
18 73.60398195675843 75.10619037671471
19 73.65064551252138 74.97388761228328
20 73.6195364753461 74.87640136480746
21 73.60398195675843 74.64661235290022
22 73.65064551252138 74.47949307151312
23 73.72841810545964 74.3263003969083
24 73.69730906828434 74.18007102569459
25 73.68175454969669 74.05473156465428
26 73.74397262404729 73.9154654968317
27 73.71286358687199 73.74138291205348
28 73.75952714263494 73.64389666457767
29 73.8995178099238 73.47677738319058
30 73.86840877274848 73.28876819163011
31 73.8995178099238 73.07986908989625
32 73.79063617981024 73.00327275259383
33 73.80619069839788 72.91971311190028
34 73.82174521698553 72.81526356103336
35 73.75952714263494 72.66903418981966
36 73.75952714263494 72.50887821182368
37 73.68175454969669 72.43228187452127
38 73.69730906828434 72.28605250330757
39 73.66620003110904 72.17463964904951
40 73.68175454969669 72.03537358122693
41 73.63509099393374 71.97966715409791
42 73.63509099393374 71.88914421001323
43 73.55731840099548 71.75684144558178
44 73.49510032664489 71.53401573706566
45 73.49510032664489 71.33904324211406
46 73.47954580805724 71.16496065733584
47 73.47954580805724 71.08140101664229
48 73.47954580805724 70.94909825221085
49 73.49510032664489 70.77501566743263
50 73.51065484523254 70.67056611656571
