0 65.22009643801525 49.18181185154237
1 67.7710374863898 53.75670217951396
2 69.66868875408306 57.43332637002994
3 70.63306890651735 60.30917067056612
4 71.61300357753927 62.80899658798133
5 72.37517498833411 64.21558387298934
6 72.91958313890186 65.50379500034816
7 73.19956447347955 66.46473086832394
8 73.3706641779437 67.33514379221502
9 73.401773215119 67.98969431098114
10 73.49510032664489 68.47016224496902
11 73.51065484523254 68.9993733026948
12 73.38621869653134 69.34057516886011
13 73.41732773370664 69.58429078754962
14 73.43288225229429 69.8488963164125
15 73.49510032664489 70.09261193510201
16 73.401773215119 70.3781073741383
17 73.21511899206719 70.58700647587214
18 73.3084461035931 70.80983218438828
19 73.27733706641779 70.94213494881971
20 73.3084461035931 71.03962119629553
21 73.3395551407684 71.19977717429148
22 73.26178254783015 71.32511663533181
23 73.15290091771661 71.34600654550518
24 73.19956447347955 71.45741939976324
25 73.21511899206719 71.5409790404568
26 73.16845543630424 71.64542859132372
27 73.01291025042775 71.67328180488823
28 72.88847410172656 71.74987814219065
29 72.82625602737596 71.74291483879954
30 72.7173743972624 71.74987814219065
31 72.63960180432416 71.71506162523501
32 72.49961113703532 71.69417171506163
33 72.46850209986 71.65935519810598
34 72.29740239539586 71.69417171506163
35 72.23518432104527 71.71506162523501
36 72.09519365375641 71.72202492862614
37 71.97075750505522 71.70809832184388
38 71.89298491211697 71.67328180488823
39 71.87743039352932 71.64542859132372
40 71.81521231917873 71.57579555741243
41 71.78410328200341 71.53401573706566
42 71.65966713330224 71.51312582689228
43 71.61300357753927 71.48527261332775
44 71.56634002177633 71.40867627602535
45 71.42634935448748 71.35296984889632
46 71.42634935448748 71.2763735115939
47 71.37968579872454 71.19977717429148
48 71.28635868719864 71.13710744377133
49 71.16192253849744 71.10229092681568
50 71.06859542697154 71.00480467933987
