0 64.62902473168455 46.29204094422394
1 67.84881007932803 49.43945407701413
2 70.0575517187743 52.27351855720354
3 72.07963913516878 55.065803217046174
4 73.58842743817078 57.60740895480816
5 74.87945248094572 59.52928069075969
6 75.79716907761704 61.527748764013644
7 76.63711308135012 63.087528723626484
8 77.11930315756727 64.39662976115869
9 77.78814745683621 65.6082445512151
10 78.14590138435216 66.33242810389248
11 78.50365531186809 67.03572174639649
12 78.73697309068284 67.72508878211823
13 78.73697309068284 68.26126314323515
14 78.89251827655934 68.63031822296497
15 78.89251827655934 69.02026321286819
16 79.1258360553741 69.4102082027714
17 79.17249961113704 69.66785042824316
18 79.17249961113704 70.00905229440846
19 79.15694509254938 70.39203398092056
20 79.15694509254938 70.59396977926329
21 79.15694509254938 70.83072209456166
22 79.11028153678643 71.00480467933987
23 78.98584538808524 71.1301441403802
24 79.00139990667289 71.32511663533181
25 79.00139990667289 71.3738597590697
26 78.90807279514699 71.51312582689228
27 78.8458547207964 71.5897221641947
28 78.86140923938405 71.67328180488823
29 78.89251827655934 71.8334377828842
30 78.93918183232229 71.95877724392452
31 78.89251827655934 72.05626349140032
32 78.81474568362108 72.0771534015737
33 78.8458547207964 72.10500661513822
34 78.72141857209519 72.20945616600515
35 78.72141857209519 72.35568553721885
36 78.69030953491989 72.44620848130353
37 78.70586405350754 72.46709839147691
38 78.76808212785814 72.44620848130353
39 78.8458547207964 72.50191490843257
40 78.8458547207964 72.52976812199708
41 78.7525276092705 72.55762133556158
42 78.76808212785814 72.59243785251724
43 78.78363664644579 72.65510758303739
44 78.76808212785814 72.68992409999304
45 78.79919116503345 72.73170392033981
46 78.76808212785814 72.7525938305132
47 78.79919116503345 72.79437365085997
48 78.81474568362108 72.8013369542511
49 78.78363664644579 72.8013369542511
50 78.78363664644579 72.89185989833578
