0 59.09161611448126 38.06141633590976
1 61.11370353087572 40.13648074646612
2 63.10468191009488 42.26725158415152
3 64.831233473324 44.21697653366758
4 66.66666666666667 46.250261123877166
5 68.31544563695753 48.19998607339322
6 69.41981645668068 49.72494951605041
7 70.3064240161767 51.417032240094706
8 71.19303157567273 52.92806907596964
9 71.86187587494167 54.34161966436878
10 72.63960180432416 55.78302346633242
11 73.23067351065484 57.04338138012673
12 73.71286358687199 58.03217046166702
13 74.24171721885207 59.236821948332285
14 74.59947114636802 60.19079451291694
15 75.08166122258515 61.109950560545926
16 75.3149790013999 61.73664786574751
17 75.54829678021466 62.46779472181603
18 75.89049618914294 63.21983148805794
19 76.26380463524653 63.86045540004178
20 76.35713174677244 64.55678573915465
21 76.63711308135012 65.05814358331592
22 76.82376730440193 65.62913446138849
23 76.99486700886608 66.27672167676346
24 77.10374863897962 66.7223730937957
25 77.11930315756727 66.9660887124852
26 77.02597604604138 67.32121718543277
27 77.27484834344376 67.6902722651626
28 77.38372997355731 68.04540073811016
29 77.44594804790792 68.44927233479564
30 77.60149323378441 68.86707053826335
31 77.6948203453103 69.1943457976464
32 77.72592938248562 69.61214400111413
33 77.78814745683621 69.9463825638883
34 77.85036553118681 70.13439175544877
35 77.9436926427127 70.26669451988023
36 77.9436926427127 70.51737344196087
37 78.00591071706332 70.6984193301302
38 78.09923782858921 70.82375879117053
39 77.99035619847565 70.96998816238424
40 78.14590138435216 71.02569458951326
41 78.05257427282626 71.03962119629553
42 77.92813812412506 71.13710744377133
43 77.7570384196609 71.08140101664229
44 77.64815678954736 70.87946521829956
45 77.53927515943381 70.95606155560198
46 77.49261160367087 70.87946521829956
47 77.33706641779436 70.83768539795278
48 77.32151189920671 70.80983218438828
49 77.13485767615492 70.74019915047698
50 76.88598537875254 70.55218995891651
