0 70.99082283403328 71.29726342176728
1 73.3706641779437 71.84040108627534
2 74.44392596049153 72.13285982870275
3 75.51718774303934 72.45317178469466
4 76.51267693264894 72.52976812199708
5 76.97931249027843 72.634217672864
6 77.36817545496967 72.56458463895272
7 77.72592938248562 72.37657544739224
8 78.0370197542386 72.11893322192047
9 78.1303468657645 71.95181394053338
10 78.20811945870275 71.81254787271081
11 78.30144657022865 71.63150198454147
12 78.37921916316691 71.56186895063018
13 78.4725462746928 71.35296984889632
14 78.58142790480635 71.13710744377133
15 78.6280914605693 70.92124503864635
16 78.72141857209519 70.80286888099714
17 78.76808212785814 70.64967620639231
18 78.83030020220873 70.55915326230763
19 78.76808212785814 70.41988719448507
20 78.81474568362108 70.19706148596893
21 78.76808212785814 70.02994220458186
22 78.78363664644579 69.86282292319477
23 78.70586405350754 69.78622658589235
24 78.72141857209519 69.605180697723
25 78.69030953491989 69.34057516886011
26 78.76808212785814 69.1943457976464
27 78.79919116503345 69.08989624677947
28 78.79919116503345 68.95759348234802
29 78.81474568362108 68.92974026878352
30 78.83030020220873 68.79743750435206
31 78.76808212785814 68.72084116704966
32 78.7525276092705 68.63031822296497
33 78.7525276092705 68.55372188566255
34 78.70586405350754 68.37963930088434
35 78.67475501633224 68.30304296358192
36 78.64364597915694 68.20555671610612
37 78.58142790480635 68.17074019915049
38 78.5347643490434 68.06629064828354
39 78.4725462746928 67.99665761437225
40 78.42588271892986 67.88524476011419
41 78.42588271892986 67.82257502959403
42 78.39477368175454 67.78079520924727
43 78.42588271892986 67.68330896177146
44 78.45699175610514 67.6415291414247
45 78.48810079328045 67.6206392312513
46 78.48810079328045 67.55796950073115
47 78.44143723751749 67.50226307360212
48 78.39477368175454 67.46744655664646
49 78.36366464457925 67.36996030917066
50 78.37921916316691 67.30729057865051
