0 69.49758904961891 74.93907109532762
1 71.62855809612692 76.44314462781144
2 72.85736506455125 77.32052085509366
3 73.69730906828434 77.87062182299283
4 74.72390729506921 78.19093377898476
5 75.01944314823457 78.29538332985169
6 75.48607870586406 78.35108975698071
7 75.95271426349355 78.5669521621057
8 76.15492300513299 78.67140171297264
9 76.46601337688598 78.74103474688393
10 76.69933115570073 78.72710814010166
11 76.91709441592782 78.69925492653715
12 77.02597604604138 78.62265858923475
13 77.18152123191787 78.60873198245247
14 77.15041219474257 78.6644384095815
15 77.16596671333022 78.62962189262586
16 77.10374863897962 78.54606225193231
17 77.08819412039198 78.45553930784764
18 77.07263960180433 78.41375948750087
19 77.15041219474257 78.37894297054522
20 77.08819412039198 78.26056681289603
21 77.08819412039198 78.0586310145533
22 77.13485767615492 78.05166771116218
23 77.13485767615492 77.87758512638395
24 77.13485767615492 77.80795209247266
25 77.15041219474257 77.65475941786784
26 76.97931249027843 77.55727317039202
27 76.90153989734017 77.41104379917833
28 76.91709441592782 77.23696121440011
29 76.94820345310312 77.04198871944851
30 77.01042152745372 76.92361256179932
31 77.10374863897962 76.7286400668477
32 77.10374863897962 76.59633730241626
33 77.05708508321666 76.3874382006824
34 77.02597604604138 76.19942900912193
35 76.93264893451548 75.9766033006058
36 76.93264893451548 75.78859410904532
37 76.99486700886608 75.5379151869647
38 77.02597604604138 75.36383260218648
39 77.08819412039198 75.175823410626
40 76.97931249027843 75.03655734280342
41 76.87043086016487 74.91121788176312
42 76.80821278581428 74.79284172411391
43 76.71488567428838 74.60483253255344
44 76.55934048841189 74.48645637490425
45 76.49712241406128 74.28452057656152
46 76.45045885829833 74.06865817143652
47 76.38824078394774 73.8945755866583
48 76.15492300513299 73.7204930018801
49 76.10825944937004 73.49766729336397
50 76.06159589360709 73.26787828145672
