0 52.40317312179188 56.646473086832394
1 57.582827811479234 62.11962955225959
2 62.68470990822834 67.41174012951745
3 67.66215585627624 71.16496065733584
4 71.0219318712086 73.7483462154446
5 73.26178254783015 75.48220875983567
6 74.39726240472856 76.58241069563401
7 74.78612536941982 77.16036487709769
8 75.15943381552341 77.63386950769446
9 75.6882874475035 77.77313557551703
10 75.84383263337999 77.9820346772509
11 76.31046819100948 78.07255762133556
12 76.41934982112303 78.06559431794443
13 76.46601337688598 78.12826404846459
14 76.40379530253539 78.204860385767
15 76.40379530253539 78.28145672306943
16 76.60600404417484 78.3998328807186
17 76.66822211852543 78.36501636376296
18 76.62155856276249 78.30930993663394
19 76.66822211852543 78.31627324002507
20 76.66822211852543 78.21878699254927
21 76.71488567428838 78.26056681289603
22 76.87043086016487 78.21878699254927
23 76.90153989734017 78.12826404846459
24 77.04153056462903 78.07255762133556
25 77.07263960180433 77.95418146368638
26 77.13485767615492 77.89151173316623
27 77.15041219474257 77.79402548569041
28 77.32151189920671 77.67564932804123
29 77.36817545496967 77.62690620430332
30 77.47705708508322 77.54334656360977
31 77.41483901073262 77.49460343987188
32 77.52372064084616 77.39711719239607
33 77.39928449214497 77.26481442796462
34 77.38372997355731 77.14643827031544
35 77.32151189920671 76.96539238214609
36 77.43039352932027 76.79130979736787
37 77.25929382485613 76.73560337023883
38 77.35262093638202 76.63115381937192
39 77.39928449214497 76.44314462781144
40 77.35262093638202 76.27602534642435
41 77.38372997355731 76.15068588538404
42 77.44594804790792 76.00445651417033
43 77.46150256649557 75.82341062600098
44 77.33706641779436 75.6354014344405
45 77.36817545496967 75.34990599540421
46 77.43039352932027 75.2245665343639
47 77.36817545496967 74.9808509156744
48 77.39928449214497 74.79980502750504
49 77.43039352932027 74.50038298168651
50 77.41483901073262 74.31933709351716
