0 44.85923160678177 59.10451918390085
1 48.25011665888941 61.38848269619107
2 51.236584227718154 63.22679479144906
3 53.974179499144505 64.82139126801755
4 57.427282625602736 66.28368498015458
5 60.67817701042153 67.3281804888239
6 62.82470057551719 68.41445581783998
7 64.78456991756106 69.13863937051737
8 66.48001244361488 69.81407979945686
9 68.08212785814278 70.37114407074716
10 69.46648001244363 70.89339182508182
11 70.66417794369264 71.09532762342455
12 71.70633068906518 71.29030011837617
13 72.46850209986 71.31119002854955
14 73.0284647690154 71.23459369124713
15 73.5262093638202 71.07443771325117
16 73.97729040286202 70.85857530812618
17 73.96173588427438 70.8167954877794
18 74.14839010732618 70.61485968943667
19 74.17949914450148 70.38507067752941
20 74.33504433037797 70.18313487918668
21 74.63058018354332 69.95334586727944
22 74.61502566495567 69.79318988928347
23 74.67724373930626 69.73052015876331
24 74.67724373930626 69.57036418076737
25 74.56836210919272 69.25701552816656
26 74.52169855342977 69.15256597729963
27 74.45948047907918 69.1456026739085
28 74.44392596049153 69.00633660608592
29 74.49058951625447 68.74173107722304
30 74.41281692331623 68.71387786365852
31 74.38170788614093 68.55372188566255
32 74.39726240472856 68.31696957036418
33 74.41281692331623 68.2751897500174
34 74.39726240472856 68.19859341271498
35 74.38170788614093 68.06629064828354
36 74.25727173743972 67.83650163637628
37 74.30393529320267 67.70419887194485
38 74.11728107015088 67.54404289394888
39 74.08617203297558 67.40477682612631
40 74.10172655156323 67.27247406169488
41 74.03950847721264 67.11231808369891
42 73.96173588427438 66.88252907179167
43 74.02395395862497 66.78504282431585
44 73.93062684709908 66.66666666666667
45 73.74397262404729 66.55525381240861
46 73.68175454969669 66.33242810389248
47 73.63509099393374 66.17923542928766
48 73.46399128946959 65.94248311398927
49 73.44843677088194 65.76840052921106
50 73.27733706641779 65.6082445512151
