0 34.93544874786125 45.57482069493768
1 41.68610981490123 54.5644453728849
2 51.31435682065639 62.21015249634427
3 59.760460413750195 68.6094283127916
4 65.57785036553119 73.08683239328737
5 68.67319956447349 75.75377759208969
6 71.92409394929227 77.37622728222269
7 74.16394462591383 78.23967690272265
8 75.50163322445171 78.83852099435973
9 76.2482501166589 79.09616321983148
10 76.43490433971068 79.25631919782745
11 76.68377663711308 79.32595223173874
12 76.82376730440193 79.23542928765406
13 77.22818478768082 79.13097973678714
14 77.46150256649557 79.01956688252906
15 77.49261160367087 78.83852099435973
16 77.67926582672267 78.62265858923475
17 77.71037486389795 78.47642921802102
18 77.78814745683621 78.31627324002507
19 77.83481101259916 78.19093377898476
20 77.95924716130035 78.08648422811781
21 78.02146523565095 78.0098878908154
22 78.05257427282626 77.84973191281944
23 78.09923782858921 77.75920896873475
24 78.11479234717686 77.61297959752108
25 77.95924716130035 77.4737135296985
26 77.86592004977446 77.3553373720493
27 77.67926582672267 77.25785112457349
28 77.7570384196609 77.10465844996867
29 77.77259293824856 76.9932455957106
30 77.6948203453103 76.86094283127916
31 77.6948203453103 76.65900703293642
32 77.57038419660911 76.49188775154934
33 77.43039352932027 76.3386950769445
34 77.29040286203141 76.15068588538404
35 77.24373930626847 75.9278601768679
36 77.10374863897962 75.66325464800501
37 76.94820345310312 75.51702527679132
38 76.90153989734017 75.28723626488406
39 76.88598537875254 75.11315368010585
40 76.74599471146368 74.82069493767844
41 76.60600404417484 74.51430958846876
42 76.45045885829833 74.19399763247685
43 76.37268626536009 73.81797924935589
44 76.07715041219474 73.6021168442309
45 75.92160522631825 73.2609149780656
46 75.73495100326645 72.90578650511803
47 75.82827811479234 72.7038507067753
48 75.6571784103282 72.32086902026322
49 75.4705241872764 72.02144697444469
50 75.14387929693575 71.68720841167048
