0 70.91305024109505 57.73274841584848
1 72.8418105459636 60.76874869438061
2 74.16394462591383 62.93433604902165
3 75.25276092704931 64.85620778497318
4 76.21714107948358 66.45080426154168
5 76.96375797169077 67.41870343290857
6 77.86592004977446 68.2751897500174
7 78.36366464457925 69.01329990947706
8 78.55031886763103 69.56340087737622
9 78.76808212785814 70.09261193510201
10 78.83030020220873 70.3572174639649
11 79.09472701819878 70.5730798690899
12 79.23471768548764 70.74716245386811
13 79.31249027842588 70.95606155560198
14 79.49914450147769 71.10925423020682
15 79.59247161300358 71.28333681498502
16 79.53025353865297 71.35296984889632
17 79.53025353865297 71.40171297263423
18 79.42137190853943 71.42260288280761
19 79.35915383418883 71.4713460065455
20 79.21916316689999 71.42956618619874
21 79.20360864831233 71.4713460065455
22 79.11028153678643 71.40867627602535
23 79.09472701819878 71.33904324211406
24 79.06361798102348 71.26244690481165
25 79.07917249961113 71.17888726411809
26 78.92362731373464 71.11621753359793
27 78.81474568362108 71.04658449968665
28 78.7525276092705 70.90731843186407
29 78.72141857209519 70.66360281317456
30 78.55031886763103 70.52433674535199
31 78.42588271892986 70.39203398092056
32 78.39477368175454 70.35025416057378
33 78.27033753305335 70.21098809275121
34 78.0370197542386 70.12742845205766
35 77.9436926427127 69.95334586727944
36 77.77259293824856 69.74444676554558
37 77.60149323378441 69.61910730450526
38 77.41483901073262 69.46591462990042
39 77.22818478768082 69.25005222477543
40 77.08819412039198 69.13863937051737
41 76.94820345310312 69.04115312304158
42 76.73044019287603 68.80440080774319
43 76.63711308135012 68.5606851890537
44 76.54378596982423 68.30304296358192
45 76.40379530253539 68.07325395167467
46 76.20158656089593 67.79472181602952
47 76.04604137501944 67.49529977021098
48 75.92160522631825 67.15409790404567
49 75.7505055218541 66.8686024650094
50 75.42386063151345 66.68059327344893
