0 51.50101104370819 59.18111552120327
1 54.84523254005289 62.38423508112248
2 57.87836366464458 64.79353805445302
3 60.53818634313268 66.70148318362232
4 62.62249183387774 68.1777035025416
5 64.87789702908695 69.27094213494883
6 66.43334888785193 70.13439175544877
7 67.39772904028621 70.94909825221085
8 68.34655467413285 71.5409790404568
9 69.10872608492767 72.07019009818258
10 69.73090682843366 72.47406169486806
11 70.47752372064085 73.00327275259383
12 71.17747705708508 73.38625443910591
13 71.64411261471457 73.72745630527122
14 71.86187587494167 73.96420862056961
15 72.29740239539586 74.26363066638814
16 72.63960180432416 74.37504352064619
17 72.9040286203142 74.472529768122
18 73.0284647690154 74.68839217324698
19 73.18400995489189 74.75802520715827
20 73.3706641779437 74.84854815124295
21 73.54176388240784 74.87640136480746
22 73.6195364753461 75.0295940394123
23 73.83729973557318 75.13404359027923
24 74.08617203297558 75.2245665343639
25 74.25727173743972 75.175823410626
26 74.33504433037797 75.19671332079939
27 74.47503499766682 75.20367662419052
28 74.70835277648156 75.12011698349697
29 74.78612536941982 75.13404359027923
30 74.98833411105926 75.12011698349697
31 74.94167055529631 75.0574472529768
32 74.97277959247161 74.91818118515422
33 75.12832477834812 74.90425457837198
34 75.06610670399752 74.85551145463407
35 75.11277025976047 74.73713529698489
36 75.15943381552341 74.56305271220667
37 75.17498833411106 74.43074994777523
38 75.14387929693575 74.12436459856556
39 75.19054285269871 73.95028201378734
40 75.3460880385752 73.7483462154446
41 75.3460880385752 73.56033702388413
42 75.23720640846166 73.40018104588817
43 75.3460880385752 73.0171993593761
44 75.43941515010111 72.74563052712206
45 75.43941515010111 72.45317178469466
46 75.532742261627 72.08411670496484
47 75.54829678021466 71.77076805236405
48 75.532742261627 71.42956618619874
49 75.56385129880229 71.06051110646891
50 75.51718774303934 70.66360281317456
