0 54.45636957536164 37.2745630527122
1 58.85829833566652 40.00417798203467
2 61.75143879296936 42.622380057099086
3 64.61347021309692 45.5330408745909
4 67.6154923005133 49.11217881763108
5 70.10421527453725 52.57990390641321
6 72.03297557940583 55.65072070190098
7 73.27733706641779 58.42907875496135
8 74.22616270026442 60.19079451291694
9 75.23720640846166 62.0012533946104
10 76.07715041219474 63.49836362370309
11 76.83932182298958 64.51500591880787
12 77.43039352932027 65.3157858087877
13 77.99035619847565 66.26975837337233
14 78.45699175610514 66.92430889213843
15 78.79919116503345 67.5231529837755
16 79.09472701819878 68.19163010932387
17 79.37470835277648 68.6372815263561
18 79.53025353865297 69.06204303321496
19 79.71690776170477 69.5076944502472
20 79.82578939181832 69.78622658589235
21 79.81023487323067 70.0647587215375
22 79.95022554051951 70.36418076735603
23 79.99688909628246 70.70538263352134
24 80.07466168922072 70.9839147691665
25 79.96578005910717 71.22066708446488
26 80.01244361487012 71.38082306246083
27 79.95022554051951 71.61061207436808
28 79.96578005910717 71.77076805236405
29 79.91911650334423 71.99359376088016
30 79.84134391040597 72.06322679479145
31 79.79468035464302 72.13285982870275
32 79.65468968735418 72.22338277278742
33 79.54580805724063 72.26516259313418
34 79.43692642712708 72.25819928974305
35 79.34359931560118 72.17463964904951
36 79.29693575983822 72.16767634565838
37 79.18805412972468 72.18856625583176
38 79.15694509254938 72.20249286261402
39 79.01695442526054 72.23034607617853
40 78.92362731373464 72.35568553721885
41 78.8458547207964 72.29997911008982
42 78.67475501633224 72.30694241348095
43 78.51920983045575 72.32086902026322
44 78.3170010888163 72.33479562704548
45 78.02146523565095 72.25123598635193
46 77.85036553118681 72.2442726829608
47 77.72592938248562 72.17463964904951
48 77.64815678954736 72.1258965253116
49 77.53927515943381 72.09108000835596
50 77.35262093638202 72.10500661513822
