0 33.53554207497278 49.794582549961696
1 44.610359309379376 63.999721467864354
2 59.884896562451395 71.86825429983985
3 66.43334888785193 75.20367662419052
4 68.71986312023644 76.95146577536384
5 69.62202519832012 77.65475941786784
6 70.35308757193965 78.10041083490007
7 70.97526831544563 78.52517234175893
8 71.31746772437393 78.81066778079521
9 71.48856742883808 78.96386045540005
10 71.61300357753927 79.00564027574681
11 71.70633068906518 79.11705313000488
12 71.97075750505522 79.13794304017826
13 72.03297557940583 79.17972286052503
14 72.18852076528232 79.2911357147831
15 72.18852076528232 79.30506232156536
16 72.34406595115881 79.26328250121858
17 72.46850209986 79.23542928765406
18 72.60849276714886 79.16579625374278
19 72.60849276714886 79.1727595571339
20 72.65515632291181 79.15883295035164
21 72.62404728573651 79.15883295035164
22 72.70181987867475 79.06831000626697
23 72.70181987867475 79.04742009609359
24 72.73292891585005 78.99171366896456
25 72.6862653600871 78.89422742148875
26 72.67071084149946 78.79674117401295
27 72.7173743972624 78.72710814010166
28 72.7173743972624 78.60176867906135
29 72.7173743972624 78.58087876888796
30 72.6862653600871 78.4694659146299
31 72.76403795302535 78.35805306037184
32 72.79514699020065 78.28842002646054
33 72.82625602737596 78.18397047559363
34 72.85736506455125 78.06559431794443
35 72.8418105459636 77.88454842977508
36 72.85736506455125 77.83580530603719
37 72.9040286203142 77.78009887890815
38 72.98180121325245 77.72439245177912
39 72.9351376574895 77.49460343987188
40 72.82625602737596 77.4528236195251
41 72.7484834344377 77.34837406865817
42 72.62404728573651 77.25088782118237
43 72.46850209986 77.07680523640414
44 72.39072950692176 76.97235568553722
45 72.28184787680821 76.86790613467029
46 71.89298491211697 76.62419051598079
47 71.65966713330224 76.35262168372677
48 71.56634002177633 76.10890606503725
49 71.50412194742573 75.76074089548082
50 71.22414061284803 75.5379151869647
