0 52.729818012132526 31.82925980084952
1 54.658578317001094 32.7693057586519
2 56.97620158656089 33.855581087667986
3 58.811634779903564 34.77473713529699
4 60.25820500855499 35.98635192535339
5 61.61144812568051 36.912471276373516
6 62.68470990822834 37.74806768330896
7 63.68019909783792 38.54188426989764
8 64.31793435993156 39.53763665482906
9 64.86234251049929 40.20611378037741
10 65.23565095660288 40.92333402966367
11 65.68673199564475 41.60573776199429
12 65.93560429304712 42.37866443840959
13 66.29335822056308 43.00536174361117
14 66.52667599937783 43.7156186895063
15 66.86887540830611 44.27964626418773
16 67.07108414994556 44.69744446765546
17 67.25773837299735 45.19880231181672
18 67.41328355887386 45.81157301023605
19 67.75548296780214 46.12492166283685
20 68.1443459324934 46.48701343917554
21 68.40877274848343 46.88392173246988
22 68.84429926893762 47.385279576631156
23 69.24871675221652 47.810041083490006
24 69.68424327267071 48.08857321913516
25 69.99533364442371 48.45066499547386
26 70.38419660911495 48.68741731077223
27 70.60195986934204 48.97987605319963
28 70.86638668533209 49.20966506510689
29 71.05304090838389 49.48819720075204
30 71.28635868719864 49.794582549961696
31 71.39524031731219 50.1079312025625
32 71.47301291025043 50.372536731425384
33 71.50412194742573 50.67195877724393
34 71.55078550318868 50.88085787897778
35 71.64411261471457 50.964417519671336
36 71.90853943070462 51.0758303739294
37 71.97075750505522 51.22205974514309
38 71.89298491211697 51.43095884687696
39 72.00186654223052 51.63289464521969
40 72.03297557940583 51.65378455539308
41 72.20407528386997 51.793050623215656
42 72.28184787680821 51.81394053338904
43 72.31295691398351 51.83483044356243
44 72.37517498833411 51.96713320799387
45 72.34406595115881 52.02283963512291
46 72.37517498833411 52.1690690063366
47 72.35962046974646 52.231738736856755
48 72.4373930626847 52.2874451639858
49 72.37517498833411 52.3849314114616
50 72.51516565562297 52.44063783859063
