0 26.427127080416856 28.089965879813384
1 27.422616270026445 28.46598426293434
2 28.682532275626073 29.475663254648012
3 31.202364286825322 31.418424900772923
4 39.695131435682065 36.21614093726063
5 62.65360087105304 52.3849314114616
6 74.83278892518277 67.0844648701344
7 77.29040286203141 71.74291483879954
8 78.67475501633224 73.08683239328737
9 79.06361798102348 73.50463059675509
10 79.1258360553741 73.61604345101316
11 78.98584538808524 73.62997005779542
12 78.72141857209519 73.5742636306664
13 78.6280914605693 73.43499756284382
14 78.50365531186809 73.29573149502124
15 78.3481101259916 73.20520855093656
16 78.27033753305335 73.06594248311399
17 78.23922849587805 73.0450525729406
18 78.02146523565095 72.90578650511803
19 77.86592004977446 72.86400668477125
20 77.83481101259916 72.76652043729545
21 77.83481101259916 72.69688740338415
22 77.81925649401151 72.69688740338415
23 77.74148390107327 72.64118097625514
24 77.7570384196609 72.52976812199708
25 77.74148390107327 72.46013508808579
26 77.74148390107327 72.4392451779124
27 77.63260227095972 72.4113919643479
28 77.53927515943381 72.34872223382773
29 77.55482967802146 72.25819928974305
30 77.53927515943381 72.2442726829608
31 77.50816612225852 72.16767634565838
32 77.52372064084616 72.05626349140032
33 77.50816612225852 72.01448367105354
34 77.49261160367087 71.95181394053338
35 77.49261160367087 71.89610751340436
36 77.46150256649557 71.81254787271081
37 77.44594804790792 71.74291483879954
38 77.41483901073262 71.68720841167048
39 77.38372997355731 71.64542859132372
40 77.38372997355731 71.61061207436808
41 77.35262093638202 71.57579555741243
42 77.33706641779436 71.52705243367454
43 77.32151189920671 71.4922359167189
44 77.32151189920671 71.44349279298099
45 77.29040286203141 71.35296984889632
46 77.27484834344376 71.30422672515841
47 77.27484834344376 71.26244690481165
48 77.27484834344376 71.21370378107375
49 77.29040286203141 71.21370378107375
50 77.33706641779436 71.19281387090035
