0 43.00824389485145 51.368289116356806
1 55.71628558096127 58.32462920409442
2 62.809146056929535 62.739363554070046
3 66.32446725773838 65.37149223591672
4 68.75097215741172 66.23494185641668
5 70.25976046041376 66.69451988023118
6 71.69077617047752 66.95216210570294
7 72.65515632291181 67.18891442100133
8 73.54176388240784 67.3769236125618
9 74.08617203297558 67.44655664647308
10 74.64613470213098 67.46048325325535
11 74.92611603670866 67.58582271429566
12 75.17498833411106 67.67634565838034
13 75.4705241872764 67.75990529907388
14 75.57940581738995 67.79472181602952
15 75.6571784103282 67.80168511942065
16 75.79716907761704 67.83650163637628
17 75.82827811479234 67.77383190585613
18 75.95271426349355 67.75294199568276
19 76.03048685643179 67.7390153889005
20 76.15492300513299 67.75294199568276
21 76.2482501166589 67.73205208550937
22 76.29491367242184 67.59974932107792
23 76.32602270959714 67.53011628716663
24 76.43490433971068 67.38388691595293
25 76.38824078394774 67.30729057865051
26 76.46601337688598 67.23069424134809
27 76.51267693264894 67.18891442100133
28 76.40379530253539 67.12624469048116
29 76.38824078394774 67.05661165656987
30 76.41934982112303 66.97305201587633
31 76.43490433971068 66.88949237518278
32 76.45045885829833 66.80593273448925
33 76.45045885829833 66.77807952092472
34 76.40379530253539 66.69451988023118
35 76.43490433971068 66.65274005988441
36 76.51267693264894 66.58310702597312
37 76.54378596982423 66.49258408188845
38 76.54378596982423 66.43687765475941
39 76.60600404417484 66.42295104797715
40 76.65266759993779 66.40206113780378
41 76.68377663711308 66.38813453102152
42 76.73044019287603 66.28368498015458
43 76.73044019287603 66.24190515980781
44 76.74599471146368 66.20012533946105
45 76.73044019287603 66.15138221572315
46 76.74599471146368 66.144418912332
47 76.71488567428838 66.09567578859411
48 76.74599471146368 66.0678225750296
49 76.71488567428838 65.99818954111831
50 76.69933115570073 65.97729963094491
