0 46.943537097526836 31.355755170252763
1 51.70321978534764 33.29155351298656
2 55.82516721107482 35.22735185572036
3 59.604915227873704 37.09351716454285
4 62.078083683310005 38.73685676484925
5 63.897962358065016 40.26878351089756
6 65.31342354954116 41.74500382981686
7 66.51112148079017 43.08892138430471
8 67.36662000311091 44.25875635401434
9 68.26878208119457 45.588747301719934
10 69.07761704775237 46.598426293433604
11 69.45092549385596 47.64292180210292
12 69.5909161611448 48.68741731077223
13 69.90200653289781 49.71102290926815
14 70.0575517187743 50.42127985516329
15 70.32197853476436 51.22902304853423
16 70.3997511277026 51.95320660121161
17 70.41530564629025 52.57294060302207
18 70.60195986934204 53.17874799805027
19 70.66417794369264 53.81937191003412
20 70.81972312956914 54.31376645080426
21 70.91305024109505 54.82905090174779
22 71.0219318712086 55.20506928486875
23 70.92860475968268 55.643757398509855
24 70.97526831544563 56.01281247823968
25 71.11525898273449 56.3818675579695
26 71.27080416861098 56.66039969361465
27 71.31746772437393 56.9389318292598
28 71.23969513143568 57.252280481860595
29 71.30191320578628 57.50992270733235
30 71.27080416861098 57.802381449759764
31 71.34857676154923 57.9555741243646
32 71.41079483589982 58.1505466193162
33 71.36413128013687 58.31766590070329
34 71.34857676154923 58.540491609219416
35 71.42634935448748 58.686720980433115
36 71.41079483589982 58.82598704825569
37 71.42634935448748 58.95132650929601
38 71.41079483589982 59.07666597033633
39 71.37968579872454 59.139335700856485
40 71.33302224296159 59.236821948332285
41 71.28635868719864 59.30645498224359
42 71.37968579872454 59.34823480259035
43 71.36413128013687 59.41090453311051
44 71.37968579872454 59.50839078058632
45 71.34857676154923 59.550170600933086
46 71.42634935448748 59.66158345519115
47 71.42634935448748 59.73817979249356
48 71.41079483589982 59.73817979249356
49 71.42634935448748 59.77995961284033
50 71.37968579872454 59.81477612979597
