0 63.353554207497275 67.279437365086
1 66.41779436926427 70.90035512847295
2 68.71986312023644 73.13557551702527
3 70.33753305335199 74.68839217324698
4 71.37968579872454 75.53095188357358
5 72.32851143257116 75.92089687347678
6 73.26178254783015 76.15764918877515
7 74.35059884896562 76.45707123459368
8 74.89500699953336 76.36654829050902
9 75.6571784103282 76.52670426850497
10 76.07715041219474 76.49188775154934
11 76.23269559807125 76.47796114476708
12 76.13936848654535 76.17853909894853
13 76.29491367242184 76.06712624469047
14 76.48156789547363 75.95571339043242
15 76.59044952558718 75.62147482765825
16 76.48156789547363 75.47524545644454
17 76.38824078394774 75.31508947844858
18 76.55934048841189 75.11315368010585
19 76.45045885829833 74.93907109532762
20 76.41934982112303 74.7649885105494
21 76.37268626536009 74.5491261054244
22 76.43490433971068 74.3263003969083
23 76.34157722818479 74.08954808160992
24 76.26380463524653 73.82494255274703
25 76.13936848654535 73.6021168442309
26 76.17047752372063 73.3584012255414
27 76.12381396795769 73.15646542719867
28 76.09270493078239 72.96149293224705
29 76.03048685643179 72.73170392033981
30 75.92160522631825 72.49495160504142
31 75.84383263337999 72.31390571687209
32 75.76606004044176 72.09804331174709
33 75.76606004044176 71.81254787271081
34 75.5949603359776 71.5897221641947
35 75.43941515010111 71.34600654550518
36 75.39275159433816 71.12318083698908
37 75.29942448281226 70.85857530812618
38 75.3460880385752 70.65663950978345
39 75.2838699642246 70.44774040804957
40 75.22165188987401 70.16920827240443
41 75.20609737128636 69.8697862265859
42 75.12832477834812 69.63999721467864
43 75.0349976668222 69.4589513265093
44 75.00388862964691 69.27790543833994
45 75.06610670399752 69.0481164264327
46 75.00388862964691 68.79047420096094
47 74.95722507388396 68.45623563818675
48 74.91056151812101 68.15681359236822
49 74.8172344065951 67.89220806350534
50 74.58391662778037 67.61367592786019
