0 37.626380463524654 34.41960866234942
1 55.85627624825011 46.68198593412715
2 70.0886607559496 64.49411600863449
3 73.65064551252138 73.58819023744864
4 74.83278892518277 77.1882180906622
5 75.22165188987401 78.94297054522666
6 75.54829678021466 79.2911357147831
7 75.14387929693575 79.21453937748068
8 75.23720640846166 79.2702458046097
9 75.2838699642246 79.21453937748068
10 75.26831544563696 79.11705313000488
11 75.23720640846166 79.22846598426293
12 74.87945248094572 79.22846598426293
13 74.78612536941982 79.12401643339601
14 74.63058018354332 79.08919991644035
15 74.55280759060507 79.03349348931133
16 74.52169855342977 78.92208063505328
17 74.44392596049153 78.7619246570573
18 74.31948981179033 78.65747510619038
19 74.25727173743972 78.5669521621057
20 74.24171721885207 78.49035582480329
21 74.07061751438792 78.37894297054522
22 74.02395395862497 78.30930993663394
23 74.00839944003734 78.18397047559363
24 73.91507232851143 78.07952092472668
25 73.88396329133613 77.94025485690412
26 73.77508166122259 77.80098878908154
27 73.79063617981024 77.72439245177912
28 73.77508166122259 77.63386950769446
29 73.80619069839788 77.55727317039202
30 73.69730906828434 77.50156674326301
31 73.79063617981024 77.39711719239607
32 73.80619069839788 77.25088782118237
33 73.72841810545964 77.06287862962189
34 73.74397262404729 76.96539238214609
35 73.66620003110904 76.81219970754125
36 73.66620003110904 76.67989694310981
37 73.6195364753461 76.42225471763805
38 73.60398195675843 76.30387855998886
39 73.60398195675843 76.12979597521064
40 73.54176388240784 75.9974932107792
41 73.47954580805724 75.86519044634774
42 73.32400062218073 75.73985098530743
43 73.35510965935605 75.60058491748485
44 73.3084461035931 75.44739224288001
45 73.3084461035931 75.34990599540421
46 73.29289158500545 75.12011698349697
47 73.27733706641779 74.94603439871875
48 73.26178254783015 74.91121788176312
49 73.26178254783015 74.77195181394055
50 73.26178254783015 74.69535547663811
