0 43.0860164877897 46.2850776408328
1 60.584849898895634 57.18264744794931
2 69.38870741950537 64.98851054940464
3 73.5262093638202 68.83921732469884
4 75.01944314823457 70.73323584708587
5 75.5949603359776 71.88218090662211
6 75.9060507077306 72.42531857113015
7 76.04604137501944 72.72474061694868
8 76.15492300513299 73.07290578650512
9 76.32602270959714 73.21217185432769
10 76.2482501166589 73.30965810180349
11 76.07715041219474 73.29573149502124
12 76.32602270959714 73.31662140519462
13 76.13936848654535 73.27484158484785
14 76.06159589360709 73.281804888239
15 76.09270493078239 73.23306176450109
16 76.06159589360709 73.2400250678922
17 76.12381396795769 73.17735533737205
18 76.10825944937004 73.10772230346076
19 76.03048685643179 73.05201587633174
20 76.06159589360709 72.96845623563819
21 76.04604137501944 72.87096998816239
22 76.06159589360709 72.78741034746884
23 75.9682687820812 72.73170392033981
24 75.89049618914294 72.71081401016643
25 75.84383263337999 72.634217672864
26 75.73495100326645 72.56458463895272
27 75.6882874475035 72.4392451779124
28 75.64162389174055 72.33479562704548
29 75.4705241872764 72.23730937956967
30 75.29942448281226 72.05626349140032
31 75.26831544563696 71.93092403036002
32 75.26831544563696 71.88218090662211
33 75.14387929693575 71.77773135575517
34 75.0972157411728 71.61757537775921
35 74.97277959247161 71.35296984889632
36 74.94167055529631 71.10229092681568
37 74.94167055529631 70.90731843186407
38 74.72390729506921 70.69145602673909
39 74.73946181365687 70.53826335213425
40 74.66168922071861 70.36418076735603
41 74.59947114636802 70.23187800292459
42 74.52169855342977 69.95334586727944
43 74.38170788614093 69.821043102848
44 74.24171721885207 69.54947427059398
45 74.14839010732618 69.21523570781979
46 73.97729040286202 68.95759348234802
47 73.86840877274848 68.5119420653158
48 73.74397262404729 68.05236404150129
49 73.51065484523254 67.70419887194485
50 73.3706641779437 67.29336397186825
