0 54.02084305490745 53.04644523361883
1 58.99828900295536 61.94554696748138
2 63.40021776326022 67.04268504978762
3 66.97775703841967 70.55218995891651
4 68.84429926893762 73.1425388204164
5 69.74646134702131 75.24545644453728
6 70.94415927827033 76.56848408885175
7 71.61300357753927 77.45978692291622
8 72.12630269093172 77.98899798064201
9 72.4373930626847 78.29538332985169
10 72.98180121325245 78.49035582480329
11 73.55731840099548 78.68532831975489
12 73.77508166122259 78.69925492653715
13 74.03950847721264 78.82459438757748
14 74.14839010732618 78.88030081470649
15 74.28838077461502 78.90119072487988
16 74.52169855342977 78.9568971520089
17 74.77057085083216 78.9290439384444
18 74.86389796235807 79.06134670287585
19 75.12832477834812 79.11705313000488
20 75.26831544563696 79.01260357913795
21 75.33053351998755 79.01260357913795
22 75.39275159433816 78.99867697235568
23 75.54829678021466 78.90119072487988
24 75.67273292891585 78.92208063505328
25 75.79716907761704 78.81066778079521
26 75.8127235962047 78.75496135366618
27 75.76606004044176 78.67140171297264
28 75.78161455902939 78.67836501636376
29 75.78161455902939 78.636585196017
30 75.7505055218541 78.48339252141216
31 75.85938715196765 78.43464939767426
32 75.9371597449059 78.37894297054522
33 76.07715041219474 78.21182368915814
34 76.13936848654535 78.17004386881136
35 76.07715041219474 78.04470440777105
36 75.98382330066885 77.95418146368638
37 75.92160522631825 77.87062182299283
38 75.9682687820812 77.78706218229928
39 75.67273292891585 77.67564932804123
40 75.67273292891585 77.46675022630735
41 75.54829678021466 77.29266764152915
42 75.4705241872764 77.15340157370657
43 75.33053351998755 76.93753916858157
44 75.20609737128636 76.71471346006545
45 75.15943381552341 76.42921802102917
46 75.0972157411728 76.17853909894853
47 74.97277959247161 75.90697026669451
48 74.72390729506921 75.6354014344405
49 74.53725307201742 75.29419956827519
50 74.39726240472856 75.15493350045261
