0 54.44081505677399 49.5996100550101
1 60.56929538030798 62.78114337441683
2 64.4890340643957 71.45741939976324
3 68.05101882096749 76.23424552607757
4 70.5241872764038 78.33716315019845
5 72.25073883963292 78.94993384861777
6 73.51065484523254 79.03349348931133
7 74.38170788614093 79.0752733096581
8 74.86389796235807 78.72014483671053
9 74.94167055529631 78.53213564515006
10 75.20609737128636 78.42768609428312
11 75.11277025976047 78.21878699254927
12 75.14387929693575 78.13522735185572
13 75.15943381552341 78.05166771116218
14 75.11277025976047 77.88454842977508
15 75.20609737128636 77.80098878908154
16 75.29942448281226 77.70350254160574
17 75.33053351998755 77.5990529907388
18 75.23720640846166 77.4249704059606
19 75.25276092704931 77.26481442796462
20 75.2838699642246 77.21607130422672
21 75.26831544563696 77.1882180906622
22 75.26831544563696 77.08376853979529
23 75.20609737128636 76.98628229231947
24 75.06610670399752 76.88879604484367
25 74.91056151812101 76.81916301093239
26 74.92611603670866 76.67293363971868
27 74.95722507388396 76.63811712276303
28 74.98833411105926 76.3874382006824
29 74.92611603670866 76.1924657057308
30 74.8172344065951 76.06712624469047
31 74.63058018354332 75.94875008704129
32 74.61502566495567 75.81644732260985
33 74.50614403484212 75.60754822087598
34 74.63058018354332 75.50309867000905
35 74.59947114636802 75.43346563609776
36 74.49058951625447 75.28723626488406
37 74.42837144190388 75.12011698349697
38 74.33504433037797 74.92514448854537
39 74.19505366308913 74.68839217324698
40 73.99284492144969 74.55608940881554
41 73.71286358687199 74.33326370029943
42 73.60398195675843 74.17310772230346
43 73.29289158500545 73.97117192396072
44 73.13734639912894 73.769236125618
45 72.9973557318401 73.60908014762202
46 72.54627469279826 73.33054801197689
47 72.4373930626847 73.22609846110994
48 72.25073883963292 73.00327275259383
49 71.98631202364287 72.78044704407772
50 71.73743972624047 72.52280481860595
