0 60.21154145279204 39.6699394192605
1 63.24467257738373 42.169765336675724
2 65.39119614247939 44.460692152357076
3 66.91553896406906 46.354710674744105
4 68.19100948825634 48.158206253046444
5 69.07761704775237 50.121857809344746
6 69.8708974957225 51.793050623215656
7 70.63306890651735 53.23445442517931
8 71.33302224296159 54.634078406796185
9 72.11074817234406 55.74124364598565
10 72.8107015087883 56.77181254787271
11 73.38621869653134 57.60740895480816
12 73.65064551252138 58.4430053617436
13 73.97729040286202 59.13237239746536
14 74.17949914450148 59.68943666875566
15 74.56836210919272 60.32309727734837
16 74.97277959247161 60.79660190794514
17 75.14387929693575 61.31188635888866
18 75.54829678021466 61.70183134879187
19 75.76606004044176 61.96643687765475
20 75.84383263337999 62.231042406517645
21 76.07715041219474 62.432978204860376
22 76.10825944937004 62.65580391337651
23 76.26380463524653 62.80203328459021
24 76.34157722818479 62.962189262586165
25 76.48156789547363 63.17805166771115
26 76.57489500699953 63.37302416266277
27 76.54378596982423 63.42176728640068
28 76.52823145123658 63.519253533876466
29 76.51267693264894 63.65851960169905
30 76.51267693264894 63.63762969152567
31 76.41934982112303 63.728152635610336
32 76.45045885829833 63.818675579695004
33 76.38824078394774 63.92312513056193
34 76.43490433971068 63.96490495090872
35 76.32602270959714 64.01364807464661
36 76.21714107948358 64.03453798481999
37 76.2482501166589 64.02061137803774
38 76.21714107948358 64.02757468142887
39 76.34157722818479 64.0832811085579
40 76.23269559807125 64.12506092890466
41 76.06159589360709 64.1320242322958
42 75.89049618914294 64.1041710187313
43 75.8749416705553 64.15291414246919
44 75.7193964846788 64.04846459160225
45 75.61051485456525 63.94401504073532
46 75.50163322445171 63.82563888308614
47 75.25276092704931 63.81171227630388
48 75.14387929693575 63.73511593900146
49 74.91056151812101 63.55407005083211
50 74.80167988800747 63.449620499965185
