0 75.82827811479234 72.10500661513822
1 76.83932182298958 71.24155699463826
2 77.46150256649557 70.56611656569876
3 77.83481101259916 70.09261193510201
4 77.88147456836211 69.47287793329156
5 77.9436926427127 69.02026321286819
6 77.95924716130035 68.55372188566255
7 78.1303468657645 68.24733653645289
8 78.14590138435216 67.9339878838521
9 78.17701042152746 67.7390153889005
10 78.17701042152746 67.59974932107792
11 78.1303468657645 67.36996030917066
12 78.0681287914139 67.14713460065455
13 78.02146523565095 66.89645567857391
14 78.02146523565095 66.64577675649328
15 77.99035619847565 66.49258408188845
16 77.92813812412506 66.33242810389248
17 77.89702908694976 66.17227212589653
18 77.974801679888 65.94248311398927
19 77.9436926427127 65.7544739224288
20 77.92813812412506 65.656987674953
21 77.9125836055374 65.47594178678364
22 77.95924716130035 65.39238214609011
23 77.92813812412506 65.28096929183205
24 77.974801679888 65.14170322400948
25 77.9125836055374 65.08599679688044
26 77.83481101259916 64.96065733584012
27 77.78814745683621 64.89798760531997
28 77.61704775237206 64.76568484088851
29 77.57038419660911 64.6403453798482
30 77.53927515943381 64.50804261541676
31 77.47705708508322 64.4244829747232
32 77.44594804790792 64.32003342385629
33 77.35262093638202 64.20165726620709
34 77.35262093638202 64.11809762551354
35 77.35262093638202 64.04846459160225
36 77.29040286203141 63.874382006824035
37 77.15041219474257 63.80474897291275
38 77.10374863897962 63.70726272543694
39 77.02597604604138 63.60281317457002
40 77.04153056462903 63.4774737135297
41 77.01042152745372 63.37998746605389
42 76.93264893451548 63.31731773553373
43 76.83932182298958 63.240721398231315
44 76.83932182298958 63.19894157788455
45 76.80821278581428 63.13627184736439
46 76.85487634157722 63.07360211684423
47 76.82376730440193 63.02485899310633
48 76.79265826722663 62.91344613884826
49 76.74599471146368 62.81595989137247
50 76.68377663711308 62.71151034050554
