0 53.79996889096283 12.668327984454374 50.29816865120814 13.839579447299368
1 59.18307668377663 10.825735145636864 55.10145533040875 13.625457901423633
2 63.473012910250425 9.81319054611207 59.03349348931133 13.834571733965314
3 66.31513454658578 9.21969628805557 61.71937887333751 14.00867873317664
4 68.49898895629181 7.779312219328021 63.69361465079033 13.567821168368797
5 70.69404261938094 4.804182057367073 65.55225959195042 12.283435891686102
6 72.18727640379531 4.186409421197428 67.01984541466472 11.550278075900943
7 73.01291025042775 3.951545775783812 67.90975558805097 11.164044910208265
8 73.58656089594028 3.759126050197724 68.50080077988997 10.767328631674934
9 74.05506299580028 3.5730594741324637 68.96594944641738 10.392241328893999
10 74.40535075439415 3.376840116790865 69.32414177285705 10.044440357565906
11 74.68782081194587 3.222051512279479 69.62272822226865 9.736322202316238
12 74.87385285425417 3.113042910478017 69.85669521621057 9.414657774442654
13 75.06672888474101 3.017869978827612 70.07562147482766 9.119143201461405
14 75.18929849121169 2.981271468708514 70.23327066360281 8.875842018148296
15 75.32120080883496 2.9011508165046367 70.37420792423926 8.63093971333854
16 75.42821589671799 2.8652910083494025 70.48534224636167 8.430796683688119
17 75.49354487478612 2.840710346726617 70.57614372258199 8.228797706040664
18 75.56571784103282 2.7952723064343803 70.6594248311399 8.025529518007566
19 75.61984756571783 2.7461651239274194 70.72933639718683 7.876225944404362
20 75.6777103748639 2.6822547403733186 70.76944502471973 7.725057775458974
21 75.72561829211386 2.6421592241552605 70.80398300953972 7.585766767327903
22 75.77228184787681 2.5955677470172502 70.84353457280133 7.442783546584317
23 75.79592471613005 2.548317890712621 70.87027365782328 7.300174436987419
24 75.83698864520143 2.5088742424392443 70.87751549335005 7.200419222093592
25 75.83761082594494 2.456101335886412 70.85244760114199 7.076718410747801
26 75.84881007932805 2.395770434501042 70.84297750853005 6.983229558051572
27 75.83947736817545 2.3573652480074294 70.83601420513892 6.890323298985813
28 75.845076994867 2.339829456507375 70.80342594526843 6.795587328438991
29 75.85378752527609 2.3160375441688235 70.77863658519601 6.708947103394163
30 75.83698864520143 2.309179552258735 70.74493419678295 6.6169474713689524
31 75.82267848810079 2.2810917828530806 70.7020402478936 6.528888653705304
32 75.80899051174366 2.2648074733050443 70.6594248311399 6.4502528261235925
33 75.78223673977291 2.2490025780526315 70.60566812896037 6.355781318728738
34 75.74801679888007 2.224370905485471 70.54996170183135 6.288044705636879
35 75.71628558096127 2.2091666093529594 70.45860316133974 6.226759569133612
36 75.68766526675999 2.1888804906181383 70.36780168511942 6.172789676232372
37 75.64971224140614 2.1700470955156743 70.2856347051041 6.1200411374407695
38 75.61984756571783 2.186219542915137 70.19594735742636 6.054504703680433
39 75.58687198631202 2.1738389727616565 70.10988092751201 5.980026287723107
40 75.54580805724063 2.182048629932759 70.0129517443075 5.9404133714017275
41 75.48670088660757 2.1695090126584855 69.91379430401783 5.8870920516455785
42 75.41452792036085 2.1602667342007638 69.80405264257364 5.8608804123846125
43 75.35293202675376 2.1641834313949686 69.68344822783929 5.805049835086396
44 75.27578161455902 2.1542334166774486 69.5564375739851 5.752251033140379
45 75.20298646756882 2.16573868939885 69.42162802033285 5.70016470857815
46 75.13019132057862 2.1928553542879223 69.27623424552607 5.624048463021805
47 75.06424016176699 2.2012466298485562 69.12777661722721 5.577229960892602
48 74.98957847254627 2.2188919356463463 68.96288559292529 5.546832087788112
49 74.90682843365998 2.2316881739906282 68.79019566882529 5.49344302562629
50 74.79670244205941 2.2544791143180656 68.63950978344127 5.466378806761327
